
=== DEPTH ===
  Light (n=12): min=-53 max=8 median=-13 all=[-53, -51, -45, -42, -38, -29, -13, -8, 2, 3, 6, 8]
  Medium (n=50): min=-59 max=102 median=45 all=[-59, -38, -37, -37, -30, -11, -9, -7, -4, 6, 7, 11, 13, 14, 15, 19, 20, 22, 26, 27, 31, 36, 42, 45, 45, 45, 46, 46, 47, 49, 49, 50, 53, 54, 55, 57, 58, 59, 63, 66, 66, 73, 74, 79, 80, 84, 97, 98, 100, 102]
  Deep (n=38): min=24 max=148 median=87 all=[24, 44, 46, 46, 48, 56, 58, 60, 68, 69, 71, 72, 73, 74, 78, 78, 84, 85, 87, 87, 90, 92, 95, 96, 97, 100, 100, 101, 106, 107, 108, 108, 112, 113, 128, 130, 142, 148]

=== TEMPERATURE ===
  Cool (n=42): min=-91 max=74 median=-7 all=[-91, -86, -83, -81, -79, -76, -72, -72, -68, -60, -58, -55, -51, -42, -27, -21, -20, -16, -16, -13, -11, -7, -2, 1, 1, 1, 1, 2, 2, 13, 16, 26, 31, 48, 50, 50, 57, 58, 59, 60, 72, 74]
  Neutral (n=10): min=-33 max=164 median=37 all=[-33, -13, -3, 21, 26, 37, 55, 61, 124, 164]
  Warm (n=48): min=-57 max=175 median=48 all=[-57, -42, -33, -31, -21, -12, -10, -6, -3, -1, 0, 2, 10, 13, 14, 18, 22, 24, 28, 31, 39, 43, 44, 46, 48, 55, 56, 57, 62, 66, 67, 68, 84, 87, 89, 91, 96, 100, 103, 104, 105, 113, 115, 123, 124, 137, 164, 175]

=== SATURATION ===
  Soft (n=14): min=32 max=133 median=79 all=[32, 40, 44, 48, 49, 52, 68, 79, 101, 110, 114, 127, 132, 133]
  Muted (n=19): min=-90 max=115 median=33 all=[-90, -48, -39, -29, -12, -5, 3, 13, 16, 33, 50, 50, 87, 92, 95, 98, 101, 111, 115]
  Rich (n=67): min=-9 max=203 median=99 all=[-9, 19, 21, 34, 43, 44, 56, 56, 57, 57, 59, 64, 65, 66, 67, 71, 71, 78, 80, 83, 84, 85, 85, 85, 87, 91, 92, 92, 93, 93, 93, 93, 96, 99, 100, 100, 102, 103, 104, 106, 110, 112, 112, 115, 119, 125, 125, 127, 127, 129, 133, 138, 138, 139, 146, 150, 151, 161, 163, 164, 174, 176, 177, 186, 195, 196, 203]

=== CONTRAST ===
  Low (n=33): min=-44 max=111 median=28 all=[-44, -36, -34, -14, -8, -6, -4, -3, -2, 14, 17, 21, 21, 23, 25, 28, 28, 38, 39, 43, 46, 48, 49, 61, 62, 66, 72, 73, 78, 90, 104, 110, 111]
  Medium (n=47): min=-4 max=137 median=81 all=[-4, 22, 25, 28, 40, 44, 48, 50, 50, 51, 53, 54, 54, 54, 58, 64, 65, 66, 67, 68, 68, 73, 74, 81, 82, 82, 83, 84, 86, 87, 89, 90, 92, 93, 94, 94, 97, 100, 104, 109, 109, 110, 113, 117, 124, 125, 137]
  High (n=20): min=10 max=148 median=110 all=[10, 34, 36, 81, 84, 92, 92, 102, 102, 109, 110, 111, 116, 118, 120, 123, 126, 135, 136, 148]

=== SURFACE ===
  Soft (n=30): min=-57 max=73 median=8 all=[-57, -30, -28, -26, -21, -18, -17, -13, -11, -10, -9, -5, 1, 2, 4, 8, 9, 10, 18, 19, 21, 29, 29, 31, 38, 40, 47, 54, 63, 73]
  Balanced (n=22): min=-4 max=108 median=42 all=[-4, -2, 7, 8, 9, 35, 37, 40, 40, 41, 41, 42, 44, 45, 49, 58, 60, 68, 83, 86, 103, 108]
  Structured (n=48): min=-51 max=139 median=73 all=[-51, -5, -3, 33, 39, 41, 42, 43, 44, 47, 52, 54, 54, 57, 58, 60, 60, 62, 63, 63, 64, 64, 71, 71, 73, 77, 77, 79, 80, 84, 87, 87, 88, 92, 94, 96, 98, 98, 99, 99, 100, 100, 110, 116, 116, 118, 121, 139]

=== PER-FAMILY SCORE DISTRIBUTIONS ===

  Light Spring (n=6):
    depth: [-51, -42, -38, -29, 3, 6]
    warmth: [13, 68, 87, 96, 113, 115]
    sat: [102, 125, 125, 138, 161, 203]
    contrast: [50, 54, 58, 64, 82, 110]
    structure: [-9, 1, 18, 19, 29, 54]
    fireAir: [4, 4, 4, 5, 5, 6]
    earthWater: [0, 1, 1, 2, 2, 2]

  True Spring (n=8):
    depth: [-11, -7, 11, 13, 15, 31, 49, 98]
    warmth: [44, 67, 84, 91, 123, 137, 164, 175]
    sat: [100, 133, 138, 139, 150, 174, 177, 195]
    contrast: [48, 54, 67, 68, 68, 81, 83, 94]
    structure: [7, 8, 37, 40, 40, 45, 49, 68]
    fireAir: [4, 4, 4, 4, 4, 5, 5, 6]
    earthWater: [0, 1, 1, 2, 2, 2, 2, 2]

  Bright Spring (n=10):
    depth: [-59, -37, 14, 19, 20, 45, 45, 47, 97, 102]
    warmth: [-33, -13, -3, 21, 26, 37, 55, 61, 124, 164]
    sat: [65, 87, 92, 93, 104, 129, 151, 163, 186, 196]
    contrast: [10, 34, 36, 81, 92, 92, 116, 118, 135, 148]
    structure: [-51, -5, -3, 42, 47, 60, 60, 63, 88, 100]
    fireAir: [4, 4, 4, 4, 4, 4, 4, 4, 4, 5]
    earthWater: [1, 2, 2, 2, 2, 2, 2, 2, 2, 2]

  Light Summer (n=6):
    depth: [-53, -45, -13, -8, 2, 8]
    warmth: [-13, 16, 26, 57, 60, 72]
    sat: [48, 79, 110, 114, 132, 133]
    contrast: [23, 25, 28, 49, 62, 73]
    structure: [-26, -18, -13, -10, 4, 9]
    fireAir: [3, 4, 4, 4, 4, 5]
    earthWater: [1, 2, 2, 2, 2, 3]

  True Summer (n=8):
    depth: [-37, -4, 7, 27, 46, 55, 57, 73]
    warmth: [-91, -86, -42, -11, -7, 1, 1, 31]
    sat: [32, 40, 44, 49, 52, 68, 101, 127]
    contrast: [-8, -4, 21, 46, 66, 72, 104, 111]
    structure: [-30, -21, -17, 2, 29, 38, 63, 73]
    fireAir: [2, 3, 3, 3, 3, 4, 4, 4]
    earthWater: [2, 2, 2, 3, 3, 3, 3, 4]

  Soft Summer (n=10):
    depth: [-38, 22, 26, 45, 46, 49, 50, 58, 66, 66]
    warmth: [-81, -79, -72, -60, -27, -20, -16, -2, 13, 59]
    sat: [-90, -48, -39, -29, -12, -5, 3, 16, 50, 50]
    contrast: [-44, -36, -34, -14, -6, -3, 14, 28, 39, 43]
    structure: [-57, -28, -11, -5, 8, 10, 21, 31, 40, 47]
    fireAir: [0, 1, 1, 1, 2, 2, 2, 2, 2, 3]
    earthWater: [3, 4, 4, 4, 4, 4, 5, 5, 5, 6]

  Soft Autumn (n=9):
    depth: [-30, -9, 6, 36, 53, 54, 63, 74, 80]
    warmth: [-12, -1, 14, 22, 24, 31, 57, 100, 124]
    sat: [13, 33, 87, 92, 95, 98, 101, 111, 115]
    contrast: [-2, 17, 21, 38, 48, 61, 78, 90, 110]
    structure: [-4, -2, 9, 35, 41, 42, 44, 58, 86]
    fireAir: [2, 2, 2, 3, 3, 3, 4, 4, 4]
    earthWater: [2, 2, 2, 3, 3, 3, 4, 4, 4]

  True Autumn (n=5):
    depth: [42, 59, 79, 84, 100]
    warmth: [10, 28, 55, 62, 66]
    sat: [-9, 64, 85, 96, 115]
    contrast: [40, 44, 50, 82, 86]
    structure: [41, 60, 83, 103, 108]
    fireAir: [2, 2, 3, 4, 4]
    earthWater: [2, 2, 3, 4, 4]

  Deep Autumn (n=20):
    depth: [46, 48, 56, 60, 69, 71, 74, 78, 78, 87, 87, 90, 95, 96, 100, 100, 107, 108, 128, 142]
    warmth: [-57, -42, -33, -31, -21, -10, -6, -3, 0, 2, 18, 39, 43, 46, 48, 56, 89, 103, 104, 105]
    sat: [19, 21, 43, 56, 57, 57, 59, 66, 67, 71, 71, 80, 84, 85, 85, 91, 93, 100, 106, 110]
    contrast: [-4, 22, 25, 28, 51, 54, 65, 66, 73, 74, 84, 87, 90, 93, 97, 100, 104, 109, 113, 117]
    structure: [39, 41, 43, 44, 54, 54, 57, 71, 77, 79, 84, 87, 94, 98, 98, 99, 99, 116, 121, 139]
    fireAir: [1, 1, 2, 2, 2, 2, 2, 2, 3, 3, 3, 3, 3, 3, 3, 3, 3, 3, 4, 4]
    earthWater: [2, 2, 3, 3, 3, 3, 3, 3, 3, 3, 3, 3, 4, 4, 4, 4, 4, 4, 5, 5]

  Deep Winter (n=8):
    depth: [85, 97, 106, 108, 112, 113, 130, 148]
    warmth: [-83, -68, -55, -51, -16, 1, 2, 48]
    sat: [34, 44, 56, 78, 92, 93, 103, 112]
    contrast: [53, 89, 92, 94, 109, 124, 125, 137]
    structure: [58, 64, 80, 87, 100, 110, 116, 118]
    fireAir: [1, 2, 2, 3, 3, 3, 3, 4]
    earthWater: [2, 3, 3, 3, 3, 4, 4, 5]

  True Winter (n=4):
    depth: [46, 72, 84, 101]
    warmth: [-72, -21, 1, 2]
    sat: [83, 93, 112, 127]
    contrast: [102, 109, 111, 126]
    structure: [62, 63, 64, 96]
    fireAir: [3, 3, 3, 3]
    earthWater: [3, 3, 3, 3]

  Bright Winter (n=6):
    depth: [24, 44, 58, 68, 73, 92]
    warmth: [-76, -58, 50, 50, 58, 74]
    sat: [99, 119, 127, 146, 164, 176]
    contrast: [84, 102, 110, 120, 123, 136]
    structure: [33, 52, 71, 73, 77, 92]
    fireAir: [4, 4, 4, 4, 4, 5]
    earthWater: [1, 2, 2, 2, 2, 2]
